Priors:
Iris-setosa: 0.33653846153846156
Iris-virginica: 0.33653846153846156
Iris-versicolor: 0.3269230769230769

Likelihoods:
Iris-setosa:
  sepal_length: {0: 0.9459459459459459, 1: 0.05405405405405406}
  sepal_width: {1: 0.7297297297297297, 2: 0.2702702702702703}
  petal_length: {0: 1.0}
  petal_width: {0: 1.0}
Iris-virginica:
  sepal_length: {1: 0.6216216216216216, 2: 0.3783783783783784}
  sepal_width: {1: 0.5263157894736842, 0: 0.39473684210526316, 2: 0.07894736842105263}
  petal_length: {2: 0.9459459459459459, 1: 0.05405405405405406}
  petal_width: {2: 0.8918918918918919, 1: 0.10810810810810811}
Iris-versicolor:
  sepal_length: {1: 0.7027027027027027, 0: 0.21621621621621623, 2: 0.08108108108108109}
  sepal_width: {0: 0.6111111111111112, 1: 0.3888888888888889}
  petal_length: {1: 0.8888888888888888, 2: 0.1111111111111111}
  petal_width: {1: 0.9444444444444444, 2: 0.05555555555555555}
